Frame Samples:14 10 10 10 10 10 10 10 10 10 10 12 13 12 13 14 11 10 10 10 10 10 11 10 10 11 12 10 10 11 
Mean:10
Standard Deviation:1.24899959967968
Top 10% mean:12.3
Bot 10% mean:10
Frame Samples:13 10 14 13 13 14 14 12 14 13 13 14 13 13 13 13 10 10 10 10 10 10 10 10 10 10 11 11 11 13 
Mean:11
Standard Deviation:1.59338912036228
Top 10% mean:13.5
Bot 10% mean:10
Frame Samples:13 10 10 10 13 13 11 10 11 10 11 12 12 12 14 13 12 13 14 11 13 10 11 11 12 12 14 23 28 17 
Mean:12
Standard Deviation:3.77477004450455
Top 10% mean:16.2
Bot 10% mean:10.4
Frame Samples:13 10 10 10 10 11 13 12 20 28 21 12 10 10 10 10 10 11 11 11 12 12 13 15 12 11 10 10 10 10 
Mean:12
Standard Deviation:3.9491208585653
Top 10% mean:15.9
Bot 10% mean:10
Frame Samples:13 10 11 10 10 11 12 12 13 13 13 13 11 10 10 10 10 10 12 10 12 13 12 12 11 11 10 11 11 13 
Mean:11
Standard Deviation:1.16428327977153
Top 10% mean:12.7
Bot 10% mean:10