Frame Samples:155 191 191 192 189 184 182 173 182 196 180 167 165 165 170 186 165 165 179 179 184 182 184 170 181 188 161 197 171 167 
Mean:178
Standard Deviation:10.9741615726315
Top 10% mean:189.8
Bot 10% mean:165
Frame Samples:160 172 187 200 195 207 183 178 177 191 196 209 202 207 187 202 206 199 204 194 197 193 198 206 212 192 170 169 175 159 
Mean:190
Standard Deviation:14.6181394164921
Top 10% mean:205.5
Bot 10% mean:173
Frame Samples:177 161 165 165 163 167 161 163 169 166 163 165 165 162 168 163 162 161 159 153 154 154 153 154 155 153 150 152 153 152 
Mean:160
Standard Deviation:6.3819189033463
Top 10% mean:167
Bot 10% mean:152.8
Frame Samples:200 182 168 171 158 161 158 160 151 156 160 175 161 169 178 177 184 180 172 159 167 181 177 192 195 198 196 187 198 195 
Mean:175
Standard Deviation:14.5412822298754
Top 10% mean:192.7
Bot 10% mean:159.1
Frame Samples:198 179 164 152 143 147 152 167 173 165 159 166 182 175 172 163 162 179 184 185 182 175 167 172 179 184 174 182 171 167 
Mean:170
Standard Deviation:12.097750020378
Top 10% mean:183.4
Bot 10% mean:157.3
