Frame Samples:14 11 10 10 10 10 11 11 13 11 13 19 21 19 14 11 12 12 11 14 12 11 12 18 24 20 20 17 14 13 
Mean:13
Standard Deviation:3.83782345723313
Top 10% mean:18.6
Bot 10% mean:10.6
Frame Samples:13 11 10 11 13 11 11 11 13 13 12 15 16 15 13 13 12 12 14 12 13 13 11 11 11 12 16 14 21 22 
Mean:13
Standard Deviation:2.69670580935745
Top 10% mean:15.9
Bot 10% mean:11
Frame Samples:14 18 28 28 28 29 26 17 14 14 13 13 13 13 13 13 14 20 27 28 28 28 28 28 14 10 10 10 10 10 
Mean:18
Standard Deviation:7.32340236653854
Top 10% mean:28
Bot 10% mean:11.5
Frame Samples:13 10 10 10 10 10 10 10 11 10 11 10 11 12 16 15 15 14 12 12 14 15 17 15 11 11 10 10 11 11 
Mean:11
Standard Deviation:2.13463501954472
Top 10% mean:14.6
Bot 10% mean:10
Frame Samples:13 10 20 23 21 18 20 16 16 22 28 28 28 28 28 28 27 28 28 28 28 28 28 28 28 21 10 10 11 23 
Mean:22
Standard Deviation:6.47396495373756
Top 10% mean:28
Bot 10% mean:14.4
