Frame Samples:137 200 196 199 189 182 200 198 188 173 185 170 175 174 165 176 199 201 190 187 162 163 163 169 168 163 171 171 165 164 
Mean:178
Standard Deviation:15.4452797535903
Top 10% mean:196
Bot 10% mean:161.9
Frame Samples:169 158 166 170 157 154 157 163 161 165 154 154 148 166 161 162 162 167 171 206 199 187 183 173 165 165 161 166 180 176 
Mean:167
Standard Deviation:12.7088770375496
Top 10% mean:181.4
Bot 10% mean:156.5
Frame Samples:171 196 188 167 185 188 192 180 196 188 184 169 196 193 188 181 199 193 184 173 166 163 164 175 179 164 189 171 168 178 
Mean:180
Standard Deviation:11.0330815681245
Top 10% mean:193
Bot 10% mean:167.6
Frame Samples:181 196 194 192 201 199 211 200 201 192 187 173 171 170 176 191 180 203 186 185 199 189 203 168 163 158 163 168 168 161 
Mean:184
Standard Deviation:14.8574336052137
Top 10% mean:200.7
Bot 10% mean:166.3
Frame Samples:166 162 180 204 183 172 172 198 180 178 177 180 189 178 168 177 192 191 174 187 181 197 194 192 190 190 181 195 187 200 
Mean:183
Standard Deviation:10.3636651603357
Top 10% mean:195.3
Bot 10% mean:172.4
