Frame Samples:13 10 12 14 14 14 20 28 27 28 28 28 26 29 27 28 27 28 26 25 28 28 29 25 14 12 11 13 15 20 
Mean:21
Standard Deviation:6.94110141756255
Top 10% mean:28.2
Bot 10% mean:12.7
Frame Samples:13 10 10 10 10 11 10 11 13 19 23 24 29 28 28 28 28 28 28 28 29 28 23 24 26 28 28 28 15 10 
Mean:20
Standard Deviation:7.7714577497118
Top 10% mean:28.2
Bot 10% mean:10.8
Frame Samples:13 12 22 28 25 28 29 28 28 28 28 28 28 28 28 29 23 12 10 10 13 28 28 27 27 28 28 28 27 27 
Mean:24
Standard Deviation:6.4621977685614
Top 10% mean:28.2
Bot 10% mean:16.7
Frame Samples:15 12 10 10 10 11 12 13 15 18 19 22 23 23 23 21 26 25 24 23 25 22 11 11 10 11 16 17 14 12 
Mean:16
Standard Deviation:5.54015643581779
Top 10% mean:23.6
Bot 10% mean:10.8
Frame Samples:13 10 10 10 11 10 10 11 10 15 13 19 21 24 21 17 12 12 17 15 14 14 17 15 16 17 18 23 21 14 
Mean:15
Standard Deviation:4.10690475500305
Top 10% mean:19.8
Bot 10% mean:10.6
