Frame Samples:160 156 156 153 153 152 154 151 152 150 152 153 152 151 153 153 153 151 153 151 152 152 151 153 153 152 152 154 154 156 
Mean:152
Standard Deviation:1.96525372973116
Top 10% mean:154.9
Bot 10% mean:151.3
Frame Samples:157 151 154 153 154 153 153 156 158 157 156 156 157 157 157 159 158 157 157 158 158 156 158 157 158 158 158 158 158 158 
Mean:156
Standard Deviation:1.94507926145269
Top 10% mean:158.1
Bot 10% mean:154.2
Frame Samples:153 151 151 152 153 152 151 157 156 158 156 157 156 157 155 157 157 156 157 157 157 157 157 156 156 157 150 153 157 155 
Mean:155
Standard Deviation:2.34852199384114
Top 10% mean:157.1
Bot 10% mean:152.1
Frame Samples:146 153 152 152 153 159 159 159 159 160 159 152 152 151 153 154 152 153 154 154 153 152 153 152 155 154 154 159 155 153 
Mean:154
Standard Deviation:3.13475145213567
Top 10% mean:157.8
Bot 10% mean:151.4
Frame Samples:152 151 151 154 153 154 151 158 158 158 158 156 157 158 156 159 158 157 159 158 157 158 158 159 157 158 157 158 158 158 
Mean:156
Standard Deviation:2.4864074931962
Top 10% mean:158.3
Bot 10% mean:153.5
