Frame Samples:12 10 10 10 10 10 10 10 10 10 11 10 10 10 10 10 10 10 10 10 10 10 10 10 10 10 10 10 11 10 
Mean:10
Standard Deviation:0.42687494916219
Top 10% mean:10.4
Bot 10% mean:10
Frame Samples:13 11 13 12 12 11 11 10 10 10 10 10 10 10 10 10 10 10 10 10 11 11 11 10 10 10 10 10 10 10 
Mean:10
Standard Deviation:0.884433277428106
Top 10% mean:11.6
Bot 10% mean:10
Frame Samples:13 10 10 10 10 10 10 10 10 10 10 10 10 11 11 10 11 10 10 10 11 10 10 10 10 10 10 10 10 10 
Mean:10
Standard Deviation:0.615539510420646
Top 10% mean:10.7
Bot 10% mean:10
Frame Samples:13 10 10 10 10 10 10 10 10 10 11 11 10 11 10 11 10 10 10 10 10 10 10 10 11 10 11 11 10 11 
Mean:10
Standard Deviation:0.657436097443867
Top 10% mean:11.1
Bot 10% mean:10
Frame Samples:13 10 10 10 11 11 10 10 11 10 10 10 10 10 10 10 10 10 10 10 10 10 11 10 10 10 10 10 10 10 
Mean:10
Standard Deviation:0.615539510420646
Top 10% mean:10.7
Bot 10% mean:10
