Frame Samples:62 76 76 74 76 76 75 76 75 76 75 76 75 76 75 76 76 75 76 75 76 75 76 76 75 76 75 76 75 76 
Mean:75
Standard Deviation:2.49466096560902
Top 10% mean:76
Bot 10% mean:73.6
Frame Samples:62 76 75 76 75 76 74 76 76 75 76 75 76 75 76 75 75 76 76 75 76 75 76 75 76 76 75 76 75 76 
Mean:75
Standard Deviation:2.48908729367926
Top 10% mean:76
Bot 10% mean:73.6
Frame Samples:62 76 76 75 76 75 75 71 76 75 76 75 76 75 76 75 76 75 75 76 75 75 76 75 76 75 76 75 76 75 
Mean:74
Standard Deviation:2.56558418731918
Top 10% mean:76
Bot 10% mean:73.3
Frame Samples:62 75 76 75 76 75 76 75 76 75 76 75 76 75 76 76 75 76 75 75 76 75 76 72 75 76 75 76 75 76 
Mean:74
Standard Deviation:2.52894356511875
Top 10% mean:76
Bot 10% mean:73.4
Frame Samples:62 76 76 74 76 75 75 76 75 76 75 76 76 75 76 75 76 75 76 76 75 76 75 76 75 76 76 75 76 75 
Mean:75
Standard Deviation:2.48908729367926
Top 10% mean:76
Bot 10% mean:73.6
